rgb_camera
[[ 1.33288233e-02 -5.05651081e-05  9.99911166e-01  3.55671722e-01]
 [-2.15192344e-04  9.99999975e-01  5.34381147e-05  8.22560024e-05]
 [-9.99911144e-01 -2.15885495e-04  1.33288121e-02  5.91125194e-01]
 [ 0.00000000e+00  0.00000000e+00  0.00000000e+00  1.00000000e+00]]
depth_camera
 [[ 6.02931302e-05 -9.99900266e-01  1.41228220e-02  3.55673542e-01]
 [-9.99999834e-01 -5.21858109e-05  5.74425848e-04  8.55465056e-05]
 [-5.73631547e-04 -1.41228543e-02 -9.99900103e-01  5.91123580e-01]
 [ 0.00000000e+00  0.00000000e+00  0.00000000e+00  1.00000000e+00]]
